$ANSIBLE_VAULT;1.1;AES256
61343262343733623364306264363430616164373336333030376436633237313339633364373362
6636613364653634623133643832616637646230636466640a623030326635323736373438616561
66393466363436643530623637363166313536393631356139373731643734666332623035626663
3763393861316262370a393736316637353862323432643139336665616236626366623165393033
34643538386139626166633033633566333635303163626439363761633036346130343866363230
33393831666532346139343631316361333233643537646234376330666237393234353334636130
65636462323736303361616633343163346365616162383738356266323132386332346130333034
31313239366238346563333865363530313832333239623961323534353566306639626161333136
65663232636135363331326333323064613864623635383931663462363539356231636136656535
31366433363738353736383931623537313730303532663362313534383865626166363337626663
62653664626266363031313363623834643036303365666339313061653538616666646538393931
37616563373564323537303266343636343538383934623236396332316236633830616534616164
62656464613439386639346634356161333961396466356263346533313638376365303162373736
38396436353839363161353330633463396532633630653565636631623039336466323938313532
64393636366433326238666139313238393335373239653137313666316238343762303331316166
35323665643733353630336562386666653765643266353262306162363563333162316638336636
64356563613332326533616265353865626265383763633166343137613164363030633661303861
66393231326539636664666261616332346561363366646532373566623235633361656530626531
66393630363066656663376534313766336163356232393266386566663561396537656463643431
63643838333866636138336636376135666163656338303534333237356233353464393031626635
35343631613933353532316234356230333237643561326638366364393936613832666538653130
39326337396165303761336134383832373935633437343861623933383030663730366262343334
35316261633232646662306136313362376636346131663665336665626134663835623166393633
37353838383136373530626137613832356561396561313330373431643163613163323166366665
6331
