$ANSIBLE_VAULT;1.1;AES256
37643566666338643632613534363033303365353162336361643439373761396134323563623366
3431306365633161323962363239353939393437363635320a626331363233393766613433666433
30366264303930366434653534346165306561303236643832663131393461383039653830663731
6461333161356234320a383165353631336439616131623132643766303433366334626238646363
66353964636261346432383665326239386230353939303434613239313563613964353263393161
31613430666464303132376232396335306131373962316365396134663637306539633465633266
64346131313138373431383337626565396139333535363064646530313763613437383765303066
30386562303330323534666463623164316239653435653537333162643031313465643931323861
38643131326137363637326266343266323033383334333535626637353133303038306336303565
39343436323265306639363530343433313636626634643263336537316534346137303135663765
30303738306431626632396338346137383134353231363534623362636563396133653638666363
65316233363632333335653837376162353931313531363065666463306232393532366266636130
32633264643736366233363766396464656533613765393132333935376236643231663737666266
32316437363137333133383732626433306531663761623633333531383839656235313232636335
31623364346139363766303439646330343036313531373733626134303235326630323937306461
64343039363339343431613538663066613038366561396637313765396636616130653031653966
35616338376335643931313864633139663532346432326331656338346538663463376662396431
65343461306661643962313430653036653534363565666562353239376538353936336262383066
31643731303766393834383738366666316336353933333933373764323562303137633430333030
61313665653335353061356134326631613433653066386265303331383139383032363661393733
62653933653731363138633338333666646162383935323663363237656663303631393032396632
61643237303931313666323432303566633266663034363732313766633164666263643131306131
33353336306236343330306330346564616532313339393466343363653036336461313536646238
64623964343737343439393733346530356233636266376539363562366437613963326238336564
63306430386335623062366166333766326232653661343832313263633339646530396436303834
64663536373339643332666433663635346236313835373861663033346539333835643936336233
30656531373637376136613261663161366130383930363731646639346436386433636262333137
63653837323832643664303866613038333438383536383361626634323133316232306136363662
31323531386163313233386530623861666165316361376462353365373432393464626334356438
65613631306331373733326537623337633366616233306463393438313762623463643663333161
37323963383733636462623633646432363463386337336337323230666139396131623761363839
61356264333935613036306534646232613962626231326262393239393233366436666365663234
32653837396462633234373537303639656563376433303631316163313532346338666464393866
65306262656133656261653861303130383036636234643863396566346432373365396536313263
63626432653334303665623533313139353934303337646463333733303562643761336164646232
65353436636433363962346465303531666661623161356238366634643831393166386233633430
61396533666439626537333839666466336430326161613933333330373365623564343132653538
33303762353633356236663633316233353934316164643833626566356166393463636164363030
62326666316630643239363763623630333238346539313435363739633836653039346665343739
63383163326437313766666438633365303138653664646135626136356165616338346634643566
33353433643862323331643533646532626137313065363563643865643033386133656636623239
36353261373666336138383733376263316136663862323861373030343965306438333763353866
34626630633831376237616132353832653337303231336431386230653936623964663736643534
31306430353231626230323630396633653635393963393561623537323363626635346639633635
64633862363434306136356365666339343233323163613266633534346130656132346632343132
64316433646137383831366665373665623765633061383733333436643764666331363233333034
65356236363836356538333231336232336531396565356439333038633032373235343365346432
37653431633462303433613938656531333164393763643962363130383533656138656432623430
61326330653565363637393964306131303839393432383636663232313231613438656437373563
64613965343732656265303831323763336532393262326437343136346136613837663561373062
39356166626334386562396539646531386234303930343165356230313139393931306538663031
33616565333038616230663961666166393531343831623861666434623561336361353562643935
31396362613335346564383830383161313737306135366263666564373131353564646361343161
36623638343865356533303639613266346334396139376563396137383537366234366435616531
61613736623234356165666466633233656364663637613264613139623736323235633433613538
63373961313436356433643532336462646536306665366534366564376263613162386434373730
39356361643465393130393263653139313637353332356538323864656639303130383165316163
66616337333863633837353233373662326333393763353036636264323239383737323365393861
31333630643731313066303663653836336263313864646265346530633932656637313538323665
64313234653465323339383539313638636233613333653261623833316532656165323033653734
34393730346130323762663465613832363634626138363437313632373965376530323938316535
30363833623931616461373933313062363461346437393364393732623366656265643062656239
35383863663234306136613161643139303262336564636538393733393730393735636632616334
66396433336239373236646431313064343937343166663163313733356166613035303532326165
35333062343762303131613732653333373239623531666332383339633836373866613835656165
62363133663133386264363466643262313230633131323730353436313763623366663130356637
30613165616639613034336664393130353038663131396361313438663136373432346266653539
34646637356132613230346362623838303766383634623336633334333339343631626335313062
63646438313663656330643862373462343265666136346566646661373830326162323934373262
61613538373137613237303636343864393933313961333631356531366565656336343965323139
33383264663937343063363035623166656265336337373065626336623532653538626434376330
61353164336431306364663533656636323633393230633266356663373962363732306664316261
33666638393262383035323633336634366437633130353466313738653935653738313932316233
63363137316562356432663134313536643834636434663832376430363962373239633038623838
32613661613964613539353061396532353834613763653334363462383232303731323132336230
35376637616661623835363731376331633462336162386165313837343738316463616335653632
32343835613935316635303261393833656639353162366466303435613334646464623932363532
61346137333339383833363039643032306461643534396233303639353338626334643661316137
37336166343533346336363264336463386566663332373831383063356266666533323862336330
35363931303162356533656437626137383833343137616635333535663835316336643663633537
34313061633832343266336165376361393736383236646236633537656630373730363731646339
63616231636435633163373966303263623032373238306532376533626565633733383263653137
39653561333965616635373065323962653332386638373061316633393365306239666239613031
36626330303430393238356339383639396439353632636236653761643365373233616230616164
62633866353335363964323034626135346537656232623838663034656564346334396637326561
32663138373163343961396365343638653462656261376339623230343662393763363365636163
37656332306563643662373238393533626435386238616433333230666637396335316161663238
66613630396530656662306539343635323533643738333364656461393663363037376337393532
32396336303764633138633330663231626130323133636635343361346166383463303662316466
63356535613161353537316263656235366233373730383364383735393862396332636536623437
30373038336433356264633834613361376639373334306236356166646432373836663232663339
61643233363130626662353037666135343935663732353963393031616233616461386131663638
38333364366561353961376530626134616161333665643837323363343363316432303233383164
64636535633266623566313333323737363337336230343230633738626462393236613765613930
39323366643764626166613532613339396536386233303331613633616233376437333436386538
64376130366132353237656337386236626330363433353333393530643563646661356562383936
30663561343330636261623664333933663735626465313464363736633834633232306563353535
35623039393161643431653633393766643937623861656534356466366334366164363136303234
36646662666238623335633336656636323030663431383365336336633037353331313362323037
30663930333837343963646164323565353937346436353963383030386638333236336561373762
66313331366466616166333464333931323237336139396439353836623165393137333839356563
38663261386139643536623336313832343934373966653561353938336532306336353837396439
30313661316665626533613862373831613032643938363839363462636630623935346537376332
64373436373339623132623934316234643262353061643730376565633665633364343165343538
63366636356630653263383938333131366534383734313731623065666264373030343532613835
33323731326232356631646638383932386366366431353362303933666163663361363631306530
39393934633230343335323163646337393863633534396563313631633565303033356137303933
32303534393537623239666337373435353361303462306232646133373562623261653362343065
30323466383536326537663861333431396233616135633934333339333332353030363830363931
37363765636137363565613166383331306439343034316565636632353634356335393461396161
65346161666233316132343439653163343235356230346637303434306336363431353330646131
34303933666466363634636564306439623165363935663564373834643636313537613334313534
65353837613231343563626438323365633330353032356162373336323239633633653861326135
33623331386532653032383364356462303537313961313233633630313062323037336637376537
61303939353230306537366663653636343936373730383332353765326132346466636364346431
39376439373937316537666337323566653733613433326432386631626333383034363964623465
61633934663330643761356139363132333139323163393861366662383537336461363565633166
33366263643237303161353563666535666431633265313366626431303066656239393066333938
30623561653461363239623462326232623936636433326363363830653562616130376138616365
37636230616331396637383832643961643965623932373138623135323566666630653433336537
61353835393865333865313033643361366266316165316632313534363766306138333330326432
37373163363435346335663031616235343738653934393539653639623961626433366164623335
37616436646161616164366163353561386666623863303837343937343133326236666563383732
38666239613434316362613132633736396566656138383065333931623563316231653234326535
38303530633539653839376138386564313664656134363163313338633162663132616166626461
37633862383961383966333963336635343531323165616562343866383964343565323635663031
39326662303664333833633339623761666136366365643661356563616262353166313461353639
36363161663064386166366462363234323866386439363538313463663461396639333462366630
37663464633161376439363830633531356564383866383631306465336462613138363766643737
34646537363032633634306563353135373361333664613438396539383837303734653363663932
62353734633762616566323430323334636462653037356666373430613366336161313630333830
35656433616638313133363162323666356261656339613739303533346237653064633065306631
39306664306431643137396363396636393237623761616130343336366134383762663834363864
39316461633362366664633435316130613565313564383432306136303334363962653965383661
37343361313936656232386137376163326437613631656332383938633438363565653337393433
63656362313838363361633566303331303961626138303465366462626365343662336262616562
34663964303162653362633232386237356239353163393061643437353661623731623064353964
39333062656566653665376662653664663737323534386135623163323736653466623962656234
37363437666633613933363432613339353162373733396266326231616536653538643135653034
61613230663761363366623834353361306431306362376363656465646661393535363732363031
64393466303434623661356637386336333431393861613536393139613931396237383433353035
66316639333663373865653633316164376532356239616631356335313937636435343534376232
38656336616165353835373233316132336231353566353563323531376461326332626239333230
37313431373731326363303062666336653262626131323932613732313164323033636231366564
30313238373931303639386131626664643037653338363138656336633135306463626164313934
64623061396163663430663035363065313234373135363739616664613838313162356261313361
36653031636232616330653739663632636666383336373733313166366536653635646666336636
33326131613233623662363635333164373436343034353930633230656237366439363634623833
35653331366236626339336439643036393362336366653565346435333064373861643935653932
39636365313538323332316137343566376565306564313931373634633431663830396265396538
36353635323238626239383637666637623135653939323039373065326662623666333835633937
64333636326338396534303232366561393063393566373732633537373339363536396133623630
33326334656234613436643737323665393962376461653532653361623631383632393663393036
38393733353231333333353537623136616666663830393933323339353630356632303933636266
62653365353239633564633661643439313062643533383037306632323334343130643136366436
62333263366435323835303261393538626163666639353537383763353633333632643366303031
37623334303435363064366265353634336661346166666433346561383539653236313035663664
30663137306236643136353736373635333061643264346266366462333539306564643033323363
33316438386539656262346535616431653461373966616565396130373266396436653366333464
35393437633761356666363630303736376562663864373931346332363334326239393865643233
34373262366238663764303933663466326663633630666636633631356338376237633637646231
65393231356434386161666435663430333365323333353932373039343030326534656165383166
61323637663062613039333833326433353931646461306563396365363363343433636235316136
38616463656164616433386161356562633334663333626362343339303332353235373164653936
64316134656130643031393439353661393237383636373636396635376633643766346331393366
66326464363635326331343937396565616539313630623732326463313865323064333065353537
38386534643863313338366665363336626163326663666663333333653736393063333266316631
38663039336438326438333433383332303034633939313934616366393564356530396232623431
64326238393637356632653132306466383038643738383730323638333039306138386461383939
3864313437393863393035626531393732626364653936643064
